1.415651249059909174e-03
2.824547521150210239e-01
3.274690301933007308e-02
2.401376230109671800e-02
7.431963257071612892e-03
1.022975882096422984e-01
2.283028539575504556e-02
1.881835936610761276e-03
2.478965104678453740e-02
5.669600123437266298e-02
1.128142549548221546e-03
1.050831380812169008e-01
1.635572323792490804e-02
8.792499045731285573e-03
4.141250469448732241e-04
5.533192508846443980e-01
2.326039837560690826e-01
1.535940798949717218e-04
3.315669321963476968e-02
2.818666296035003682e-02
4.416665030527196223e-02
7.534911943686625627e-04
4.631904739162271377e-03
1.207142252375441663e-02
1.985519115382779476e-01
2.134645139020612259e-01
3.097552126806707440e-01
4.996949522107639319e-01
8.986521739705036205e-02
1.862014353290538868e-02
5.935188209030296813e-02
9.309118288942698216e-01
9.073916619410147266e-01
1.200886436641137450e-01
2.276208802111246224e-02
1.956014951914870990e-03
9.437381934721492810e-03
6.186652933181669908e-03
8.276398241793195623e-03
1.846655743538770378e-01
2.976593595940475734e-02
1.605779076758232036e-03
8.360751506132581279e-02
5.983371583028962437e-02
4.110736168976803287e-03
2.720605008530325164e-01
1.794890091692528389e-01
1.426531423254389502e-02
2.511151792867718949e-04
1.885811656317110466e-02
9.844122557462700041e-01
9.888767337752458753e-01
9.966291357353527225e-01
5.908225536109961151e-01
7.354949760383315827e-01
4.911801017181130491e-01
6.675705368897674741e-02
5.643886075187239948e-01
9.934565341690112517e-01
9.990370462700219889e-01
7.663445478235415553e-01
9.985273552600772984e-01
9.447068070760045178e-01
8.719288584049484925e-01
2.217967744901590543e-01
9.944387305754657236e-01
9.201746609703366220e-01
9.976012693207058080e-01
9.943451139451537912e-01
4.139302878396325380e-01
9.895383321606975313e-01
9.965756075260235880e-01
9.998129343229920085e-01
9.877626643338376367e-01
7.597317711099472737e-01
7.582217110414902761e-01
9.957349992835022867e-01
9.901013913883327522e-01
9.599631658242688825e-01
9.283908715249086230e-01
2.312114471372478108e-01
9.656162575783637791e-01
6.894819600372814605e-01
8.966062674194139603e-01
9.991768669690584970e-01
9.940148636288734796e-01
9.430289625564841627e-01
9.943530475754992493e-01
9.902111190820812592e-01
7.265985039154392311e-01
9.386111616931457347e-01
9.418161122254228301e-01
4.360068637669070601e-01
9.994292100690042036e-01
9.423797595060154908e-01
8.886473902850904327e-01
9.865193829665918068e-01
9.952581588171171001e-01
9.996093650830206734e-01
9.357034124631203875e-01
