3.994485184428882285e-02
4.629728260728865896e-01
6.470255830970068622e-01
1.286442540547871327e-01
1.640363881121393794e-02
3.340570583005489976e-03
9.196519097597438877e-15
5.867231291375136770e-01
1.447908513194776925e-01
2.464829578582415897e-03
5.436768693272393295e-03
1.545772422849086836e-01
5.005906157502643377e-04
2.539220975518396983e-01
8.710192885986379582e-06
6.143849921720595519e-02
1.600635512107297098e-01
6.518119063719697293e-01
2.559793337756822718e-01
3.218270437903136827e-02
1.120646447896271949e-02
4.297656782031366446e-02
6.195934572679798746e-01
5.651479086739119584e-01
1.003762456015008797e-01
1.910993635890246289e-01
1.028155662955447698e-03
3.047255832243367032e-02
2.860763509825321391e-02
1.695260611307403964e-01
2.443644901121393848e-02
2.076533528375277549e-01
5.264448205344996606e-02
1.549590031446943794e-01
8.209367866496075639e-02
3.555611544695059245e-01
5.197735202922727782e-02
9.621508265404130622e-01
3.852334757835199075e-01
9.954529608113989181e-02
1.826420824786382513e-01
9.355533685833655744e-01
2.327946474138400113e-01
1.159041216453229745e-01
1.545386643109946354e-06
6.073309562641876491e-02
4.432881300516472445e-01
7.336388482111615150e-02
6.309870371071860107e-02
6.336703488444046517e-01
8.154010767478832022e-01
5.202742952810788246e-01
6.108038122306181927e-01
9.113091351079377622e-01
7.745069264807209475e-01
9.935087749185166350e-01
5.955376253850873658e-01
5.589494457641804859e-01
8.829467697519354230e-01
9.109425627600186148e-01
9.602977281174220892e-01
8.720823012579288491e-01
3.448180984416474582e-01
9.896952633752281736e-01
9.334497221690624125e-01
9.717248258926025617e-01
9.443710833867423604e-01
7.611703665306193134e-01
7.964998730851954312e-01
9.395480357505574531e-01
9.950466411996721217e-01
6.885271149210970831e-01
9.056708702806516298e-01
8.683645710187211098e-01
9.459061869709056714e-01
9.363147147734255382e-01
9.902978802926402091e-01
9.240138592670269491e-01
9.890885789486175694e-01
6.009329880799785251e-01
3.050794873146385200e-01
9.944727672110716954e-01
8.992368278955960026e-01
9.861311219502463254e-01
8.985344037936791040e-01
9.643914072392405501e-01
9.681223026458979364e-01
9.111883468060689717e-01
9.336642000953274678e-01
8.658303984665285391e-01
5.924724869565749508e-01
8.204785520159825207e-01
7.887448864941036808e-01
8.217865197882874284e-01
9.193904891057312900e-01
9.402043790212377683e-01
9.634270184051233477e-01
9.234304987446056989e-01
9.452605061518029039e-01
8.259835891314804002e-01
